1 2
2 3
1 4
1 6
4 6
1 8
2 8
3 8
6 8
1 9
2 9
7 9
8 9
1 11
2 11
1 12
2 12
3 12
4 12
8 12
7 13
1 14
2 14
8 14
9 14
5 15
8 15
1 17
4 17
12 17
1 18
4 18
17 18
6 19
1 20
4 20
12 20
17 20
18 20
1 21
2 21
3 21
7 21
8 21
9 21
12 21
14 21
1 23
2 23
4 23
8 23
11 23
12 23
20 23
21 23
8 24
12 24
15 24
23 24
5 25
15 25
17 27
20 27
7 28
9 28
14 28
19 28
1 29
4 29
6 29
19 29
28 29
6 30
8 30
1 32
4 32
7 32
14 32
17 32
18 32
1 33
17 33
20 33
24 33
27 33
17 36
27 36
33 36
11 37
19 37
26 37
30 37
1 38
2 38
3 38
8 38
9 38
14 38
20 38
21 38
23 38
6 39
8 39
30 39
2 40
9 40
11 40
30 40
39 40
1 41
2 41
3 41
4 41
6 41
8 41
9 41
11 41
12 41
14 41
19 41
20 41
21 41
23 41
28 41
29 41
38 41
39 41
22 42
32 42
1 43
2 43
4 43
5 43
8 43
12 43
15 43
17 43
18 43
20 43
21 43
23 43
24 43
25 43
33 43
38 43
41 43
1 44
4 44
12 44
17 44
18 44
20 44
23 44
32 44
33 44
41 44
43 44
1 45
4 45
17 45
20 45
27 45
33 45
36 45
44 45
8 46
12 46
17 46
23 46
24 46
27 46
33 46
36 46
37 46
45 46
5 47
12 47
15 47
25 47
43 47
11 48
19 48
26 48
37 48
6 49
8 49
30 49
39 49
11 50
37 50
48 50
1 51
2 51
4 51
6 51
8 51
9 51
12 51
14 51
20 51
21 51
28 51
29 51
40 51
41 51
43 51
44 51
1 52
8 52
12 52
17 52
23 52
24 52
27 52
33 52
36 52
45 52
46 52
13 53
17 53
20 53
27 53
33 53
36 53
37 53
45 53
46 53
5 54
6 54
15 54
25 54
30 54
43 54
47 54
2 55
5 55
15 55
21 55
25 55
43 55
46 55
47 55
54 55
1 56
2 56
3 56
8 56
12 56
17 56
20 56
23 56
36 56
38 56
41 56
43 56
52 56
1 57
4 57
8 57
12 57
15 57
17 57
18 57
20 57
23 57
24 57
38 57
41 57
43 57
44 57
46 57
51 57
52 57
55 57
56 57
1 58
2 58
6 58
8 58
11 58
37 58
41 58
48 58
50 58
6 59
8 59
19 59
29 59
30 59
37 59
39 59
41 59
49 59
51 59
7 60
14 60
28 60
38 60
1 61
2 61
3 61
4 61
8 61
11 61
12 61
15 61
20 61
21 61
23 61
24 61
38 61
41 61
43 61
46 61
47 61
51 61
52 61
55 61
56 61
57 61
58 61
1 62
4 62
6 62
19 62
29 62
41 62
51 62
54 62
58 62
1 63
2 63
4 63
5 63
8 63
9 63
11 63
12 63
14 63
15 63
20 63
21 63
23 63
24 63
28 63
38 63
40 63
41 63
43 63
44 63
46 63
47 63
51 63
52 63
55 63
56 63
57 63
58 63
61 63
1 64
4 64
8 64
12 64
15 64
23 64
24 64
26 64
41 64
43 64
44 64
46 64
52 64
53 64
56 64
57 64
61 64
63 64
1 65
4 65
6 65
19 65
28 65
29 65
39 65
41 65
51 65
59 65
62 65
1 66
2 66
11 66
19 66
37 66
41 66
48 66
58 66
63 66
65 66
22 67
42 67
17 68
20 68
27 68
36 68
45 68
46 68
53 68
13 69
17 69
20 69
27 69
33 69
36 69
45 69
46 69
53 69
68 69
6 70
8 70
19 70
30 70
39 70
49 70
59 70
62 70
65 70
66 70
1 71
6 71
29 71
41 71
51 71
62 71
65 71
70 71
1 72
2 72
9 72
11 72
40 72
41 72
51 72
55 72
58 72
63 72
66 72
15 73
25 73
33 73
37 73
43 73
55 73
1 74
2 74
6 74
8 74
9 74
11 74
14 74
21 74
23 74
29 74
30 74
38 74
41 74
43 74
51 74
58 74
63 74
66 74
72 74
1 75
2 75
4 75
6 75
8 75
11 75
29 75
40 75
41 75
51 75
58 75
61 75
62 75
63 75
65 75
72 75
74 75
8 76
12 76
15 76
17 76
23 76
24 76
27 76
33 76
36 76
45 76
46 76
52 76
53 76
56 76
57 76
61 76
63 76
64 76
68 76
69 76
3 77
8 77
12 77
23 77
24 77
43 77
46 77
52 77
56 77
57 77
61 77
63 77
64 77
76 77
1 78
2 78
6 78
9 78
11 78
19 78
25 78
29 78
37 78
40 78
41 78
48 78
50 78
51 78
58 78
59 78
62 78
63 78
65 78
66 78
72 78
74 78
75 78
1 79
2 79
8 79
9 79
14 79
19 79
21 79
23 79
28 79
37 79
38 79
40 79
41 79
43 79
50 79
51 79
59 79
63 79
72 79
74 79
78 79
2 80
4 80
6 80
8 80
19 80
29 80
39 80
40 80
41 80
51 80
59 80
62 80
65 80
70 80
72 80
75 80
22 81
42 81
67 81
22 82
42 82
67 82
81 82
26 83
54 83
70 83
1 84
4 84
6 84
17 84
18 84
29 84
32 84
41 84
44 84
51 84
62 84
65 84
75 84
80 84
1 85
2 85
3 85
4 85
6 85
8 85
9 85
11 85
12 85
14 85
19 85
21 85
23 85
29 85
37 85
38 85
40 85
41 85
43 85
48 85
50 85
51 85
56 85
57 85
58 85
59 85
61 85
62 85
63 85
65 85
66 85
72 85
74 85
75 85
78 85
79 85
80 85
84 85
5 86
15 86
25 86
33 86
37 86
43 86
47 86
50 86
54 86
55 86
69 86
71 86
73 86
5 87
47 87
55 87
73 87
86 87
6 88
37 88
54 88
73 88
86 88
11 89
25 89
37 89
48 89
50 89
58 89
78 89
85 89
5 90
15 90
25 90
43 90
47 90
54 90
55 90
71 90
73 90
78 90
85 90
86 90
87 90
2 91
9 91
11 91
37 91
40 91
48 91
50 91
51 91
58 91
63 91
72 91
78 91
79 91
85 91
89 91
1 92
4 92
17 92
18 92
20 92
32 92
43 92
44 92
57 92
84 92
1 93
2 93
3 93
4 93
8 93
9 93
14 93
17 93
18 93
20 93
21 93
23 93
28 93
32 93
38 93
41 93
43 93
44 93
51 93
55 93
56 93
57 93
61 93
63 93
74 93
79 93
85 93
92 93
28 94
60 94
2 95
4 95
6 95
8 95
29 95
39 95
40 95
41 95
48 95
49 95
51 95
55 95
59 95
62 95
63 95
65 95
70 95
72 95
75 95
80 95
84 95
85 95
86 95
91 95
27 96
33 96
36 96
45 96
46 96
53 96
68 96
69 96
1 97
4 97
6 97
8 97
29 97
30 97
41 97
51 97
59 97
62 97
65 97
70 97
71 97
74 97
75 97
80 97
84 97
85 97
86 97
95 97
1 98
4 98
28 98
41 98
65 98
79 98
2 99
11 99
26 99
37 99
48 99
50 99
58 99
59 99
78 99
79 99
85 99
86 99
89 99
91 99
20 100
99 100
8 101
30 101
39 101
49 101
59 101
70 101
79 101
80 101
95 101
3 102
7 102
9 102
13 102
21 102
23 102
52 102
56 102
64 102
93 102
94 102
19 103
26 103
37 103
48 103
54 103
70 103
83 103
90 103
5 104
7 104
8 104
15 104
21 104
23 104
25 104
32 104
43 104
47 104
54 104
55 104
57 104
61 104
73 104
86 104
90 104
93 104
100 104
14 105
38 105
4 106
18 106
22 106
34 106
42 106
82 106
84 106
1 107
4 107
6 107
8 107
28 107
29 107
39 107
41 107
49 107
51 107
59 107
62 107
65 107
70 107
71 107
75 107
80 107
84 107
85 107
95 107
97 107
1 108
4 108
5 108
12 108
15 108
17 108
18 108
20 108
23 108
24 108
25 108
26 108
32 108
38 108
41 108
43 108
44 108
47 108
51 108
54 108
55 108
56 108
57 108
61 108
63 108
64 108
73 108
77 108
84 108
86 108
90 108
92 108
93 108
99 108
104 108
1 109
4 109
17 109
18 109
20 109
32 109
43 109
44 109
57 109
84 109
92 109
93 109
106 109
108 109
17 110
27 110
33 110
36 110
45 110
53 110
68 110
69 110
96 110
1 111
2 111
6 111
8 111
9 111
11 111
14 111
21 111
23 111
41 111
51 111
56 111
58 111
63 111
64 111
65 111
66 111
72 111
74 111
75 111
78 111
79 111
85 111
86 111
88 111
93 111
1 112
2 112
6 112
8 112
17 112
20 112
27 112
29 112
33 112
36 112
39 112
41 112
44 112
45 112
46 112
49 112
51 112
53 112
58 112
59 112
61 112
62 112
63 112
65 112
68 112
70 112
71 112
75 112
76 112
80 112
85 112
86 112
95 112
97 112
101 112
107 112
110 112
1 113
4 113
17 113
18 113
20 113
22 113
34 113
42 113
43 113
44 113
57 113
92 113
93 113
106 113
108 113
109 113
2 114
5 114
15 114
25 114
43 114
47 114
54 114
55 114
63 114
72 114
73 114
75 114
85 114
86 114
87 114
90 114
93 114
104 114
108 114
1 115
2 115
3 115
8 115
11 115
12 115
15 115
21 115
23 115
41 115
43 115
52 115
55 115
56 115
57 115
58 115
61 115
63 115
72 115
74 115
77 115
85 115
93 115
1 116
4 116
8 116
12 116
17 116
18 116
20 116
23 116
24 116
32 116
33 116
38 116
41 116
43 116
44 116
45 116
46 116
51 116
52 116
56 116
57 116
61 116
63 116
64 116
76 116
77 116
92 116
93 116
104 116
108 116
109 116
112 116
113 116
115 116
1 117
2 117
8 117
11 117
19 117
21 117
23 117
26 117
37 117
38 117
39 117
41 117
43 117
54 117
56 117
58 117
59 117
61 117
63 117
66 117
71 117
72 117
74 117
75 117
78 117
79 117
83 117
85 117
93 117
103 117
111 117
112 117
115 117
1 118
3 118
4 118
8 118
12 118
17 118
20 118
23 118
24 118
33 118
41 118
43 118
44 118
45 118
46 118
52 118
56 118
57 118
61 118
63 118
64 118
76 118
77 118
108 118
115 118
116 118
22 119
42 119
67 119
81 119
82 119
106 119
1 120
4 120
6 120
29 120
41 120
51 120
59 120
62 120
65 120
75 120
80 120
84 120
85 120
95 120
97 120
107 120
112 120
22 121
42 121
67 121
81 121
82 121
106 121
113 121
119 121
1 122
6 122
29 122
41 122
51 122
62 122
65 122
71 122
97 122
107 122
112 122
120 122
6 123
8 123
30 123
39 123
71 123
86 123
90 123
97 123
112 123
1 125
2 125
4 125
8 125
12 125
17 125
18 125
20 125
21 125
23 125
32 125
33 125
38 125
41 125
43 125
44 125
45 125
51 125
56 125
57 125
61 125
63 125
64 125
73 125
74 125
79 125
84 125
85 125
92 125
93 125
104 125
108 125
109 125
112 125
113 125
116 125
117 125
118 125
7 126
9 126
13 126
21 126
102 126
3 127
4 127
20 127
23 127
44 127
61 127
63 127
116 127
118 127
125 127
1 128
2 128
8 128
9 128
14 128
19 128
21 128
28 128
37 128
40 128
41 128
48 128
51 128
61 128
62 128
63 128
70 128
72 128
74 128
78 128
79 128
85 128
90 128
91 128
93 128
95 128
103 128
111 128
117 128
120 128
1 129
2 129
7 129
8 129
9 129
11 129
14 129
20 129
21 129
23 129
28 129
38 129
41 129
43 129
51 129
55 129
56 129
57 129
58 129
60 129
61 129
62 129
63 129
66 129
72 129
74 129
75 129
78 129
79 129
85 129
93 129
94 129
108 129
111 129
115 129
116 129
117 129
125 129
128 129
1 130
2 130
3 130
4 130
8 130
12 130
17 130
18 130
20 130
21 130
23 130
32 130
38 130
41 130
42 130
43 130
44 130
51 130
55 130
56 130
57 130
61 130
63 130
74 130
79 130
84 130
85 130
92 130
93 130
106 130
108 130
109 130
113 130
116 130
117 130
125 130
127 130
129 130
4 131
18 131
22 131
32 131
34 131
42 131
67 131
81 131
82 131
84 131
92 131
106 131
109 131
113 131
119 131
121 131
127 131
130 131
1 132
2 132
3 132
5 132
8 132
12 132
15 132
25 132
43 132
47 132
54 132
55 132
58 132
61 132
63 132
73 132
77 132
83 132
86 132
87 132
90 132
95 132
104 132
108 132
114 132
118 132
1 133
6 133
29 133
41 133
51 133
57 133
62 133
65 133
70 133
71 133
80 133
97 133
98 133
99 133
107 133
112 133
120 133
122 133
13 134
28 134
102 134
126 134
11 135
19 135
37 135
48 135
50 135
58 135
78 135
79 135
85 135
89 135
91 135
99 135
103 135
1 136
2 136
3 136
4 136
5 136
6 136
8 136
9 136
12 136
17 136
20 136
21 136
23 136
28 136
29 136
33 136
39 136
40 136
41 136
45 136
47 136
51 136
54 136
55 136
61 136
62 136
63 136
65 136
71 136
72 136
75 136
78 136
79 136
80 136
83 136
84 136
85 136
86 136
91 136
93 136
95 136
97 136
107 136
114 136
116 136
117 136
118 136
120 136
123 136
125 136
128 136
130 136
132 136
133 136
1 137
2 137
4 137
6 137
17 137
18 137
20 137
29 137
32 137
41 137
42 137
43 137
44 137
51 137
54 137
57 137
62 137
65 137
71 137
75 137
80 137
84 137
85 137
86 137
87 137
90 137
92 137
93 137
95 137
97 137
107 137
108 137
109 137
111 137
113 137
114 137
116 137
120 137
125 137
130 137
131 137
136 137
13 138
17 138
20 138
27 138
33 138
36 138
45 138
46 138
52 138
53 138
56 138
68 138
69 138
76 138
77 138
96 138
110 138
40 139
56 139
85 139
120 139
137 139
1 140
2 140
3 140
4 140
8 140
12 140
20 140
23 140
24 140
26 140
41 140
43 140
44 140
46 140
52 140
56 140
57 140
58 140
61 140
63 140
64 140
76 140
77 140
85 140
93 140
104 140
108 140
111 140
115 140
116 140
117 140
118 140
125 140
129 140
136 140
6 141
8 141
30 141
39 141
49 141
59 141
70 141
93 141
95 141
97 141
101 141
104 141
107 141
112 141
123 141
131 141
139 141
1 142
2 142
3 142
12 142
21 142
33 142
39 142
41 142
59 142
61 142
71 142
77 142
85 142
86 142
90 142
97 142
118 142
123 142
130 142
132 142
136 142
137 142
5 143
8 143
25 143
26 143
30 143
39 143
49 143
54 143
55 143
59 143
70 143
83 143
86 143
90 143
101 143
103 143
114 143
117 143
128 143
137 143
141 143
1 144
4 144
17 144
18 144
20 144
22 144
34 144
38 144
42 144
43 144
44 144
57 144
67 144
73 144
81 144
82 144
84 144
92 144
93 144
106 144
108 144
109 144
113 144
116 144
119 144
121 144
125 144
127 144
130 144
131 144
137 144
4 145
6 145
8 145
19 145
29 145
30 145
39 145
41 145
49 145
51 145
59 145
62 145
65 145
70 145
75 145
80 145
84 145
85 145
95 145
97 145
101 145
107 145
120 145
133 145
136 145
137 145
141 145
143 145
27 146
36 146
45 146
53 146
68 146
69 146
77 146
96 146
110 146
138 146
1 147
2 147
3 147
8 147
12 147
17 147
21 147
33 147
40 147
41 147
45 147
55 147
56 147
61 147
63 147
72 147
75 147
77 147
80 147
85 147
93 147
95 147
111 147
115 147
118 147
130 147
132 147
136 147
140 147
142 147
1 148
2 148
3 148
8 148
9 148
12 148
14 148
21 148
23 148
28 148
38 148
41 148
43 148
55 148
61 148
63 148
74 148
79 148
85 148
93 148
98 148
104 148
115 148
117 148
125 148
129 148
130 148
136 148
140 148
142 148
147 148
